93.52592943010114
55.717555657358645
121.38458582449624
100.49050598737588
100.49053140476136
57.70750930545282
73.62681387076043
113.42496383681583
83.57633359301468
118.39979466076412
108.45017358916206
111.43503056371469
91.53597577740837
92.5309196756057
86.56126649951563
155.2129864857625
105.46522497042685
104.47032220187685
116.40979558831191
80.59152703074687
94.52086317793149
121.38449963400078
92.53101076643719
85.56624666939254
100.49038910863825
98.50072471556763
120.38969257823643
62.682279356190776
330.2499916479436
86.5611399156158
78.60161927785603
114.42002424325054
67.65707972492032
74.62180828347852
108.45017862696264
70.64196193401452
100.49053140475002
64.672217667095
59.69744761615905
67.65700883079879
124.36947815464538
70.641982130728
99.49559776508721
81.58635470578716
67.65708476273377
44.77310210775104
69.64698268020567
117.40482044477568
68.65206401661567
102.48056602725148
105.46540280504954
79.59648220574559
67.65708980060259
66.66214590508645
104.47030182226362
99.49561796182232
93.52596982353808
79.59654297878598
121.384580786664
113.42494364008718
76.61162523121112
108.45021920329265
111.43504617581908
79.59658337221529
112.43003019712847
81.58642051664734
96.51078118395077
82.58137453594139
73.62677329687628
84.5712674155856
126.35909129698007
143.27347253450316
90.54101672036711
55.717611388588324
92.53088418254649
93.52584827744951
69.64700287694774
121.3845093933599
97.50565927136205
153.2230375021594
107.45519937398532
76.61169104203952
125.36435568865835
121.38448392234835
95.51578173343367
59.69738180532542
108.45017862696281
98.50059813166789
95.51580696806542
72.63189520721485
96.51076602506163
106.46019470192041
95.5158425064794
107.45521956987292
104.47040820946754
147.2532880128232
85.56624666938202
109.44503129687149
83.57633359393347
88.55113918245479
Mean: 96.85821668498797
