47.757933848709996
69.64700287912916
47.75794472559758
40.79337566075674
47.75797458491539
74.62175663515075
47.75796565560535
43.77814305065999
30.84370563838769
55.71757081147581
84.57134838534003
55.71754961512485
48.75290806459694
78.60152821885589
101.48547030407943
75.61686979748993
53.72769841975551
47.757954044497154
56.71251470973331
94.52092888062339
53.72770335133984
82.58141511224696
37.80841395462437
70.64196193533343
63.67833548386014
52.73275945454884
72.63181427657767
65.66717672418523
64.67221262928038
69.64707931254827
65.66715653360262
40.793789146601284
78.60163469228499
31.83866967597993
64.67223422558149
69.64700290552514
57.70750427212778
69.64700791560907
68.65207107974214
63.6772737708111
44.77307687364848
64.6721670868092
35.8185009296098
66.66230547859325
51.737780198322184
62.68226402502037
55.71761642560861
34.823521621911425
35.818496447609164
67.65702448852377
63.67721821657125
44.7731025525963
41.788224942675356
54.722790402506064
50.74384791926286
94.52082771416235
63.677233394314186
68.65204381983915
47.75789327146086
41.788245133209784
100.49051624586258
33.82856256455335
76.6116252311831
64.67222778860204
83.57632855592897
41.78824117654858
51.73780039394603
65.66719188349444
66.66215281857816
50.742826184415605
45.76805612703902
99.49565853815639
38.80334943582483
53.727723748453
69.64700288040709
86.56114499797064
91.53597622433668
44.7731122312189
45.76807144303547
39.798327019001874
41.78820476776883
78.6015889595121
73.6267732944356
41.954001068200284
50.7428211402555
101.48554623618838
57.70753603989297
33.82858876895142
47.75797424137059
42.78320897481825
54.72265736887118
67.6570696038466
49.74788731791625
39.79875368825418
43.77815821010216
93.52596983974806
86.56126182129529
59.69744762647949
70.64190116134904
64.6721721121726
Mean: 59.93790959055134
