71.63687537978893
60.69238144119453
49.7478671208776
70.6419467751256
63.67725860999877
57.707448532241415
78.60149773162837
93.52589389159493
76.6116860042836
50.74282620009811
66.66208528755445
38.80336937862177
65.66713633075759
65.66711681436564
40.79328687703048
56.71258560377453
54.72260703303621
37.808393746284935
53.727745968169216
62.6822188809428
66.66213598145615
51.73778222251178
41.78822493649773
97.50570488814503
57.70745357030782
38.803372999846204
63.67719951994724
55.71761153074448
59.69740255461818
50.74282617910319
44.77309706996411
47.759479252035874
52.73272541262864
55.717643540158406
77.60662468170781
44.77309203651342
24.873966364851412
52.73275945105868
75.61674206071794
62.68245931894944
76.61164547289835
78.6015234681771
95.51582213013583
52.732754413225194
58.70248855937709
49.748285778009176
58.70248352134297
84.57134845596079
74.6217071169936
98.51501440522071
64.67223282619256
63.677238567968345
35.818505866846806
86.56118552976105
33.82856771556669
73.62677329600413
90.54105212304148
49.74788731935175
55.71762147164125
79.59652278207267
56.71257548277566
77.60662486472071
71.63693615049061
67.65708476287418
34.82354684825992
44.7731031751845
65.6671126925767
57.89373538878161
41.7882451331858
70.64197709294012
51.73770426529785
76.61169104277405
57.707468746743274
49.7478013109598
77.60664701944532
67.65706961720042
74.62181333732627
45.768053183492555
61.687299934991756
71.6369007957118
48.75316944862817
82.5817546670637
53.72769330057292
40.793270917309144
51.73771963229589
65.66715657571248
41.78824513319239
55.71755565320859
82.58141511224696
77.60665036404069
68.6520255211671
61.68732029912928
37.8084038689733
69.64699783988621
44.773112232089176
82.58130872523526
77.60664506141092
73.65208310832918
102.48042538934737
55.71761147983764
Mean: 62.0179514717433
