95.51582716468488
63.67729396571926
98.50063348741006
86.561205909389
128.34930939864577
68.65202362311271
70.64193669948025
85.56629228353066
106.46032128581709
63.677273768895844
60.692406673279066
91.5360365504487
72.63188004820032
125.36427453601095
75.61675219156902
116.40987654670573
77.60665009913299
138.29861028607235
132.32906460383137
89.54591518420341
82.58137453592954
66.66213074345944
60.69240163551524
121.38457066557487
64.67219747069919
90.54101672237894
96.51076336947247
70.64192135771677
102.48038819257513
107.45523472877653
103.4754643112509
136.30880978679934
77.60665009913316
94.52092384288187
117.40474941320002
89.54604250437245
126.35935065470417
104.47018476067993
89.54605766322138
95.51572022416582
112.43003019733666
69.64700287692011
120.3896267673779
146.25846621402889
102.48049009540193
123.37442297066107
134.31878976999928
89.54607786364
71.63690079439232
114.41988250045571
60.69242183214757
108.4501937858582
133.32401862309305
109.44505167648197
45.76799031758259
102.48046989861777
127.35417263639206
91.5360567471626
111.4351266923592
104.47034239859806
51.737785235054986
92.53090941707111
109.44499538823752
69.64682000490097
67.65706438826945
92.53090960021996
68.65204885764754
117.40461215490112
110.44011712076073
154.21803191316187
128.3492283754447
91.53595558072692
126.35931474576631
119.39475371785747
77.6066854547426
85.56626182827705
99.49561796186853
143.273497398592
79.59656317550338
125.36421898368238
143.2733960492257
120.38964696415931
49.74788731757914
72.63185481366952
104.47024049589956
101.48545006841431
115.41490233066986
108.45027997632886
104.47036259534397
114.41994327349585
122.37943794560641
118.39978962296868
78.60159908443109
115.41489710987295
102.4804901004714
84.57129265010747
116.40977520558471
106.46019470191675
73.62683406748306
77.6065994471696
Mean: 98.66977336770238
