57.70756989540121
85.56622647266872
105.46532186211357
90.54105207600074
132.32894250441262
107.45532091923553
98.50065386689221
97.50559853502946
77.6066450613651
159.19274174437908
92.53091463779262
96.51074079169405
74.62165138180072
96.510643925685
109.44513768442945
113.42494867789566
140.28872716786063
141.28349309393445
67.65708980055285
93.52588885377526
104.47036259530395
95.51584754428904
80.5914311875604
84.57135342315047
106.4602403161426
50.74276545317832
87.55622051879007
95.51583238539237
73.62677330006531
42.78318903143145
132.32875459414757
97.50553717190468
115.41492252730339
142.27859444714858
129.34412665949776
108.45017358915354
117.40475463391692
81.58638012321771
130.33920726274877
89.54604251779762
93.52572617807158
119.39466771028788
99.49559776509395
100.4905120540819
99.49567873484196
104.47034239859676
105.46530145568389
89.54605766322115
129.34418743253806
99.4956989316106
98.50051660858742
101.48549046184368
103.4754695320454
107.45519433533593
109.44517322256874
113.42496383679185
88.55117957592088
119.39456583798497
109.44511748734215
93.52593446792037
87.55620535989405
93.52596982353057
62.68233490857014
142.2786148281046
117.4046830491119
109.44512760849514
103.47538837931799
72.63188004820006
126.35923881381655
97.50559794492696
78.60158373879662
77.60666525804001
54.722662406332915
107.45527530524194
93.52580788402048
115.41482117793711
119.39473352114726
86.5612057264749
93.52588381599719
101.48542913549286
97.50573520322504
112.42996438626872
364.09792831175884
58.70248855946579
111.43506592171954
104.47034239859221
53.72768315252611
68.65204382204851
67.65706960384057
120.38962676737688
82.5813694981099
124.36927508549095
80.59152223726846
100.49057198107576
93.52590923338698
77.60668041854245
86.5612816584121
50.742861533567265
87.55615974863704
95.51583238539396
Mean: 100.68897714565591
