169.62705447141312
199.1882760337003
213.21875817343482
200.6425940918785
155.2344098375617
235.55238571151426
190.95325212471488
178.19791595737036
211.25783948976436
178.90926518949038
152.4099569432394
194.2665819168849
173.46145034757825
211.46588357708333
242.34249804565275
200.54618512058602
246.30387085911167
204.32784625303282
155.91623558845492
187.4727129665853
175.82713440044495
209.2064686823041
202.70248106746567
189.47122381681675
183.0304316850016
180.25761468604958
172.6979581595048
252.3653821189162
219.94694742637458
227.93322784022394
166.43436453128308
201.88138791219
167.68250616016266
189.2913090968566
218.74315863113276
174.9784962226397
178.67486451185377
220.3797732573701
190.11020266389164
217.58683050733862
225.29644631417284
205.32639672599504
169.55211783631685
211.10008576041056
153.6246569767762
192.2306123223974
190.32010823588055
213.85969814107904
177.31473205348345
198.12996922233202
153.54206421441097
216.94437213810764
209.83930716243327
196.63037688899195
227.7601060354644
204.20145828943296
206.37785112470362
212.59408650210446
206.1111654056994
228.76075788648546
205.80028826174436
194.2095144620855
202.7538856884125
189.6402008211109
222.4588193762109
213.37705677693185
177.25793951292505
252.08746968139002
222.70447598307243
192.82423846131888
233.78881100723777
176.24219188205814
184.46809936653378
264.0362192189631
194.91030423229526
218.30051870739703
214.3778462849028
206.48793113280755
199.23305373198667
153.7514804919049
274.03216548007504
195.06042338829897
213.14589384743417
212.54023797065798
182.00775912211577
221.29802259399162
239.9612586089754
214.75713943839582
208.48601273171437
191.9412561814616
174.8005961131655
193.75539250881604
167.04920477773885
206.7211340048142
209.27238418965152
158.5119965466685
255.15643462524488
162.91175851879393
198.5423194270689
201.08208548722797
Mean: 200.3975692595715
