177.2563234541352
223.8979202163926
212.45534255098414
175.05399411985422
221.92444371341924
190.84138005351966
214.0937176668793
176.71254472888307
205.5137898192698
229.1733835613548
190.1292361012812
211.97550949617215
250.52081588601953
207.14292417769826
235.90524711435393
192.70127073253906
202.97864887575656
212.50726858420393
182.6062276161066
172.2489751967206
230.34415878321124
200.2353438418229
184.16573409242005
213.17890489483466
228.03191211657628
248.36860002257674
179.84527091306444
191.73711691039074
193.77898091992733
199.463069650669
234.05148111753823
162.52943999585975
206.77124874071552
222.54909996873067
179.92318761453294
229.08015748989413
169.0219622673859
228.11588461929415
187.40301636895362
186.5060369764882
180.2243048903523
192.84918673750045
197.36461549978327
187.20941455279097
185.88893449458368
258.21183007064167
157.54857511203014
191.56819448723797
181.24697445186857
244.86773727118916
164.29755891373185
181.00923859403406
245.077666000681
174.1751702380297
206.1990112159192
150.46770919342202
174.57730380265204
189.33759446178735
186.2396676682501
183.4719188571973
185.15852681704496
192.7529936114415
176.16737849716594
210.28921013914658
224.10105261290545
197.75656727027314
190.68829220404686
203.50631223880387
191.36981322401357
177.63908529469217
244.58012979764857
213.15930151434117
227.53649825218793
209.87650757698566
215.16595415877543
251.3522273066369
242.12085912632955
237.4556547549568
206.64800671226115
202.51167742303699
198.34240072162953
184.94108182545722
241.70937495304565
221.01263255266196
266.79234307717024
215.20126785671607
182.1585680064016
251.57154618186246
218.67855815705843
235.6785831759002
247.4173350294925
197.01320966752502
193.26088989226827
220.76517946415413
198.2216049968537
173.06412480756717
225.02771632947994
192.43313579884784
221.97674640859958
247.50716268826412
Mean: 205.25181687607767
