104.47040317162984
68.65204382104486
92.53094999407045
83.57631339633278
116.40967329452135
98.50062514588137
103.47515989272355
121.38467183204426
104.47036263199826
95.51580696796262
135.31391150283255
100.49047511620373
101.4855461971523
81.58645605515335
114.41988250045569
120.38966716616338
102.48049513308237
70.64195689619663
87.55618012536152
123.3744020359903
93.52576675442356
75.6167015439488
114.41976040105519
119.39463217177706
65.66715130685287
62.6823147118005
80.59147663397837
95.51582716467757
75.61670656752327
87.5561597466914
74.62178808674867
87.55610419342753
55.71764674339573
74.62175273114428
68.65202866097607
78.60160411840724
79.59655813769936
93.52574655767671
56.712514709666834
78.60158392169501
355.7794297889186
110.4401171209916
78.60158392169905
69.64694210387961
94.52066503844978
60.69240667326571
92.53081274055006
108.45017358922269
97.50578082586586
57.7075345397956
81.58645605515338
101.48551587927366
55.71761642560929
88.55114422027387
58.70248855925075
100.49057702922761
118.39968772085302
84.57129773406393
127.3543555088225
86.56118049194478
135.31377424580987
104.47042336834679
59.69736160862203
123.3745190975583
114.41974020433457
56.71257044489195
106.46027567167135
137.30364674448683
83.57630835848627
119.39461197506404
93.52582808098879
119.39474868003859
156.20777237561708
85.5663226013221
83.57639436605436
77.60658428827364
117.40470901979253
77.60664506540465
62.682299552905334
62.68232478743877
95.51574619519889
57.707549698752445
74.62171719264293
75.6167065675169
58.70246332455372
78.60188155315163
96.51076098723834
81.58641547891932
102.48042428440834
80.59148165627573
89.54601204916167
111.43504572260949
111.43501541042664
81.5864762518678
155.21297077353998
79.59657833439596
60.69240163567676
137.3036467452936
62.68231471180928
145.26339587276476
Mean: 94.88480438690793
